id,aro_id,aco_id,_create,_read,_update,_delete
1,1,3,1,1,1,1
2,1,4,1,1,1,1
3,1,5,1,1,1,1
4,1,6,1,1,1,1
5,1,7,1,1,1,1
6,1,8,1,1,1,1
7,1,11,1,1,1,1
8,1,13,1,1,1,1
9,1,14,1,1,1,1
10,1,15,1,1,1,1
11,1,16,1,1,1,1
12,1,17,1,1,1,1
13,1,18,1,1,1,1
14,1,31,1,1,1,1
15,1,32,1,1,1,1
16,1,34,1,1,1,1
17,1,35,1,1,1,1
18,1,158,1,1,1,1
19,1,166,1,1,1,1
20,1,194,1,1,1,1
21,1,195,1,1,1,1
22,1,208,1,1,1,1
23,1,187,1,1,1,1
24,1,189,1,1,1,1
25,1,190,1,1,1,1
26,1,43,1,1,1,1
27,3,43,-1,-1,-1,-1
28,4,43,-1,-1,-1,-1
29,5,43,-1,-1,-1,-1
30,6,43,-1,-1,-1,-1
31,7,43,-1,-1,-1,-1
32,1,44,1,1,1,1
33,3,44,-1,-1,-1,-1
34,4,44,-1,-1,-1,-1
35,5,44,-1,-1,-1,-1
36,6,44,-1,-1,-1,-1
37,7,44,-1,-1,-1,-1
38,1,45,1,1,1,1
39,3,45,-1,-1,-1,-1
40,4,45,-1,-1,-1,-1
41,5,45,-1,-1,-1,-1
42,6,45,-1,-1,-1,-1
43,7,45,-1,-1,-1,-1
44,1,47,1,1,1,1
45,3,47,-1,-1,-1,-1
46,4,47,-1,-1,-1,-1
47,5,47,-1,-1,-1,-1
48,6,47,-1,-1,-1,-1
49,7,47,-1,-1,-1,-1
50,1,175,1,1,1,1
51,3,175,-1,-1,-1,-1
52,4,175,-1,-1,-1,-1
53,5,175,-1,-1,-1,-1
54,6,175,-1,-1,-1,-1
55,7,175,-1,-1,-1,-1
56,1,176,1,1,1,1
57,3,176,-1,-1,-1,-1
58,4,176,-1,-1,-1,-1
59,5,176,-1,-1,-1,-1
60,6,176,-1,-1,-1,-1
61,7,176,-1,-1,-1,-1
62,1,177,1,1,1,1
63,3,177,-1,-1,-1,-1
64,4,177,-1,-1,-1,-1
65,5,177,-1,-1,-1,-1
66,6,177,-1,-1,-1,-1
67,7,177,-1,-1,-1,-1
68,1,181,1,1,1,1
69,3,181,-1,-1,-1,-1
70,4,181,-1,-1,-1,-1
71,5,181,-1,-1,-1,-1
72,6,181,-1,-1,-1,-1
73,7,181,-1,-1,-1,-1
74,1,182,1,1,1,1
75,3,182,-1,-1,-1,-1
76,4,182,-1,-1,-1,-1
77,5,182,-1,-1,-1,-1
78,6,182,-1,-1,-1,-1
79,7,182,-1,-1,-1,-1
80,1,183,1,1,1,1
81,3,183,-1,-1,-1,-1
82,4,183,-1,-1,-1,-1
83,5,183,-1,-1,-1,-1
84,6,183,-1,-1,-1,-1
85,7,183,-1,-1,-1,-1
86,1,196,-1,-1,-1,-1
87,3,196,1,1,1,1
88,4,196,-1,-1,-1,-1
89,5,196,-1,-1,-1,-1
90,6,196,-1,-1,-1,-1
91,7,196,-1,-1,-1,-1
92,1,197,-1,-1,-1,-1
93,3,197,1,1,1,1
94,4,197,-1,-1,-1,-1
95,5,197,-1,-1,-1,-1
96,6,197,-1,-1,-1,-1
97,7,197,-1,-1,-1,-1
98,1,198,-1,-1,-1,-1
99,3,198,-1,-1,-1,-1
100,4,198,-1,-1,-1,-1
101,5,198,-1,-1,-1,-1
102,6,198,-1,-1,-1,-1
103,7,198,-1,-1,-1,-1
104,1,199,-1,-1,-1,-1
105,3,199,-1,-1,-1,-1
106,4,199,-1,-1,-1,-1
107,5,199,-1,-1,-1,-1
108,6,199,-1,-1,-1,-1
109,7,199,-1,-1,-1,-1
110,1,202,-1,-1,-1,-1
111,3,202,-1,-1,-1,-1
112,4,202,-1,-1,-1,-1
113,5,202,1,1,1,1
114,6,202,-1,-1,-1,-1
115,7,202,-1,-1,-1,-1
116,1,203,-1,-1,-1,-1
117,3,203,-1,-1,-1,-1
118,4,203,-1,-1,-1,-1
119,5,203,1,1,1,1
120,6,203,-1,-1,-1,-1
121,7,203,-1,-1,-1,-1
122,1,204,-1,-1,-1,-1
123,3,204,-1,-1,-1,-1
124,4,204,-1,-1,-1,-1
125,5,204,1,1,1,1
126,6,204,-1,-1,-1,-1
127,7,204,-1,-1,-1,-1
128,1,205,-1,-1,-1,-1
129,3,205,-1,-1,-1,-1
130,4,205,-1,-1,-1,-1
131,5,205,1,1,1,1
132,6,205,-1,-1,-1,-1
133,7,205,-1,-1,-1,-1
134,3,208,1,1,1,1
135,4,208,1,1,1,1
136,5,208,1,1,1,1
137,6,208,1,1,1,1
138,7,208,1,1,1,1
139,1,216,1,1,1,1
140,3,216,-1,-1,-1,-1
141,4,216,-1,-1,-1,-1
142,5,216,-1,-1,-1,-1
143,6,216,-1,-1,-1,-1
144,7,216,-1,-1,-1,-1
145,1,217,1,1,1,1
146,3,217,1,1,1,1
147,4,217,1,1,1,1
148,5,217,1,1,1,1
149,6,217,1,1,1,1
150,7,217,1,1,1,1
151,1,243,1,1,1,1
152,3,243,-1,-1,-1,-1
153,4,243,-1,-1,-1,-1
154,5,243,-1,-1,-1,-1
155,6,243,-1,-1,-1,-1
156,7,243,-1,-1,-1,-1
157,1,244,1,1,1,1
158,3,244,-1,-1,-1,-1
159,4,244,-1,-1,-1,-1
160,5,244,-1,-1,-1,-1
161,6,244,-1,-1,-1,-1
162,7,244,-1,-1,-1,-1
163,1,245,1,1,1,1
164,3,245,-1,-1,-1,-1
165,4,245,-1,-1,-1,-1
166,5,245,-1,-1,-1,-1
167,6,245,-1,-1,-1,-1
168,7,245,-1,-1,-1,-1
169,1,20,-1,-1,-1,-1
170,3,20,-1,-1,-1,-1
171,4,20,-1,-1,-1,-1
172,5,20,-1,-1,-1,-1
173,6,20,-1,-1,-1,-1
174,7,20,1,1,1,1
175,1,21,-1,-1,-1,-1
176,3,21,-1,-1,-1,-1
177,4,21,-1,-1,-1,-1
178,5,21,-1,-1,-1,-1
179,6,21,1,1,1,1
180,7,21,1,1,1,1
181,1,22,-1,-1,-1,-1
182,3,22,-1,-1,-1,-1
183,4,22,-1,-1,-1,-1
184,5,22,-1,-1,-1,-1
185,6,22,1,1,1,1
186,7,22,1,1,1,1
187,1,23,-1,-1,-1,-1
188,3,23,-1,-1,-1,-1
189,4,23,-1,-1,-1,-1
190,5,23,-1,-1,-1,-1
191,6,23,1,1,1,1
192,7,23,1,1,1,1
193,1,24,-1,-1,-1,-1
194,3,24,-1,-1,-1,-1
195,4,24,-1,-1,-1,-1
196,5,24,-1,-1,-1,-1
197,6,24,1,1,1,1
198,7,24,1,1,1,1
199,1,25,-1,-1,-1,-1
200,3,25,-1,-1,-1,-1
201,4,25,-1,-1,-1,-1
202,5,25,-1,-1,-1,-1
203,6,25,1,1,1,1
204,7,25,-1,-1,-1,-1
205,1,26,-1,-1,-1,-1
206,3,26,1,1,1,1
207,4,26,-1,-1,-1,-1
208,5,26,-1,-1,-1,-1
209,6,26,-1,-1,-1,-1
210,7,26,-1,-1,-1,-1
211,1,27,-1,-1,-1,-1
212,3,27,1,1,1,1
213,4,27,-1,-1,-1,-1
214,5,27,-1,-1,-1,-1
215,6,27,-1,-1,-1,-1
216,7,27,-1,-1,-1,-1
217,1,28,-1,-1,-1,-1
218,3,28,1,1,1,1
219,4,28,-1,-1,-1,-1
220,5,28,-1,-1,-1,-1
221,6,28,-1,-1,-1,-1
222,7,28,-1,-1,-1,-1
223,1,38,-1,-1,-1,-1
224,3,38,1,1,1,1
225,4,38,-1,-1,-1,-1
226,5,38,-1,-1,-1,-1
227,6,38,-1,-1,-1,-1
228,7,38,-1,-1,-1,-1
229,1,39,-1,-1,-1,-1
230,3,39,1,1,1,1
231,4,39,-1,-1,-1,-1
232,5,39,-1,-1,-1,-1
233,6,39,-1,-1,-1,-1
234,7,39,-1,-1,-1,-1
235,1,40,-1,-1,-1,-1
236,3,40,1,1,1,1
237,4,40,-1,-1,-1,-1
238,5,40,-1,-1,-1,-1
239,6,40,-1,-1,-1,-1
240,7,40,-1,-1,-1,-1
241,1,50,-1,-1,-1,-1
242,3,50,1,1,1,1
243,4,50,-1,-1,-1,-1
244,5,50,-1,-1,-1,-1
245,6,50,-1,-1,-1,-1
246,7,50,-1,-1,-1,-1
247,1,51,-1,-1,-1,-1
248,3,51,1,1,1,1
249,4,51,-1,-1,-1,-1
250,5,51,-1,-1,-1,-1
251,6,51,-1,-1,-1,-1
252,7,51,-1,-1,-1,-1
253,1,52,-1,-1,-1,-1
254,3,52,1,1,1,1
255,4,52,-1,-1,-1,-1
256,5,52,-1,-1,-1,-1
257,6,52,-1,-1,-1,-1
258,7,52,-1,-1,-1,-1
259,1,55,-1,-1,-1,-1
260,3,55,-1,-1,-1,-1
261,4,55,-1,-1,-1,-1
262,5,55,-1,-1,-1,-1
263,6,55,-1,-1,-1,-1
264,7,55,1,1,1,1
265,1,56,-1,-1,-1,-1
266,3,56,-1,-1,-1,-1
267,4,56,-1,-1,-1,-1
268,5,56,-1,-1,-1,-1
269,6,56,1,1,1,1
270,7,56,-1,-1,-1,-1
271,1,57,-1,-1,-1,-1
272,3,57,-1,-1,-1,-1
273,4,57,-1,-1,-1,-1
274,5,57,-1,-1,-1,-1
275,6,57,1,1,1,1
276,7,57,1,1,1,1
277,1,58,-1,-1,-1,-1
278,3,58,-1,-1,-1,-1
279,4,58,-1,-1,-1,-1
280,5,58,-1,-1,-1,-1
281,6,58,1,1,1,1
282,7,58,1,1,1,1
283,1,59,-1,-1,-1,-1
284,3,59,-1,-1,-1,-1
285,4,59,-1,-1,-1,-1
286,5,59,-1,-1,-1,-1
287,6,59,1,1,1,1
288,7,59,1,1,1,1
289,1,60,-1,-1,-1,-1
290,3,60,-1,-1,-1,-1
291,4,60,-1,-1,-1,-1
292,5,60,-1,-1,-1,-1
293,6,60,1,1,1,1
294,7,60,1,1,1,1
295,1,61,-1,-1,-1,-1
296,3,61,-1,-1,-1,-1
297,4,61,-1,-1,-1,-1
298,5,61,-1,-1,-1,-1
299,6,61,1,1,1,1
300,7,61,-1,-1,-1,-1
301,1,62,-1,-1,-1,-1
302,3,62,1,1,1,1
303,4,62,-1,-1,-1,-1
304,5,62,-1,-1,-1,-1
305,6,62,-1,-1,-1,-1
306,7,62,-1,-1,-1,-1
307,1,63,-1,-1,-1,-1
308,3,63,1,1,1,1
309,4,63,-1,-1,-1,-1
310,5,63,-1,-1,-1,-1
311,6,63,-1,-1,-1,-1
312,7,63,-1,-1,-1,-1
313,1,64,-1,-1,-1,-1
314,3,64,1,1,1,1
315,4,64,-1,-1,-1,-1
316,5,64,-1,-1,-1,-1
317,6,64,-1,-1,-1,-1
318,7,64,-1,-1,-1,-1
319,1,200,-1,-1,-1,-1
320,3,200,1,1,1,1
321,4,200,-1,-1,-1,-1
322,5,200,-1,-1,-1,-1
323,6,200,-1,-1,-1,-1
324,7,200,-1,-1,-1,-1
325,1,201,-1,-1,-1,-1
326,3,201,1,1,1,1
327,4,201,-1,-1,-1,-1
328,5,201,-1,-1,-1,-1
329,6,201,-1,-1,-1,-1
330,7,201,-1,-1,-1,-1
331,1,69,-1,-1,-1,-1
332,3,69,1,1,1,1
333,4,69,-1,-1,-1,-1
334,5,69,-1,-1,-1,-1
335,6,69,-1,-1,-1,-1
336,7,69,-1,-1,-1,-1
337,1,70,-1,-1,-1,-1
338,3,70,1,1,1,1
339,4,70,-1,-1,-1,-1
340,5,70,-1,-1,-1,-1
341,6,70,-1,-1,-1,-1
342,7,70,-1,-1,-1,-1
343,1,71,-1,-1,-1,-1
344,3,71,1,1,1,1
345,4,71,-1,-1,-1,-1
346,5,71,-1,-1,-1,-1
347,6,71,-1,-1,-1,-1
348,7,71,-1,-1,-1,-1
349,1,72,-1,-1,-1,-1
350,3,72,1,1,1,1
351,4,72,-1,-1,-1,-1
352,5,72,-1,-1,-1,-1
353,6,72,-1,-1,-1,-1
354,7,72,-1,-1,-1,-1
355,1,73,-1,-1,-1,-1
356,3,73,1,1,1,1
357,4,73,-1,-1,-1,-1
358,5,73,-1,-1,-1,-1
359,6,73,-1,-1,-1,-1
360,7,73,-1,-1,-1,-1
361,1,74,-1,-1,-1,-1
362,3,74,1,1,1,1
363,4,74,-1,-1,-1,-1
364,5,74,-1,-1,-1,-1
365,6,74,-1,-1,-1,-1
366,7,74,-1,-1,-1,-1
373,1,67,-1,-1,-1,-1
374,3,67,1,1,1,1
375,4,67,-1,-1,-1,-1
376,5,67,-1,-1,-1,-1
377,6,67,-1,-1,-1,-1
378,7,67,-1,-1,-1,-1
379,1,68,-1,-1,-1,-1
380,3,68,1,1,1,1
381,4,68,-1,-1,-1,-1
382,5,68,-1,-1,-1,-1
383,6,68,-1,-1,-1,-1
384,7,68,-1,-1,-1,-1
385,1,88,-1,-1,-1,-1
386,3,88,1,1,1,1
387,4,88,-1,-1,-1,-1
388,5,88,-1,-1,-1,-1
389,6,88,-1,-1,-1,-1
390,7,88,-1,-1,-1,-1
391,1,83,-1,-1,-1,-1
392,3,83,-1,-1,-1,-1
393,4,83,-1,-1,-1,-1
394,5,83,-1,-1,-1,-1
395,6,83,1,1,1,1
396,7,83,1,1,1,1
397,1,84,-1,-1,-1,-1
398,3,84,-1,-1,-1,-1
399,4,84,-1,-1,-1,-1
400,5,84,-1,-1,-1,-1
401,6,84,1,1,1,1
402,7,84,1,1,1,1
403,1,85,-1,-1,-1,-1
404,3,85,-1,-1,-1,-1
405,4,85,-1,-1,-1,-1
406,5,85,-1,-1,-1,-1
407,6,85,1,1,1,1
408,7,85,1,1,1,1
409,1,86,-1,-1,-1,-1
410,3,86,-1,-1,-1,-1
411,4,86,-1,-1,-1,-1
412,5,86,-1,-1,-1,-1
413,6,86,1,1,1,1
414,7,86,1,1,1,1
415,1,87,-1,-1,-1,-1
416,3,87,-1,-1,-1,-1
417,4,87,-1,-1,-1,-1
418,5,87,-1,-1,-1,-1
419,6,87,1,1,1,1
420,7,87,-1,-1,-1,-1
421,1,89,-1,-1,-1,-1
422,3,89,-1,-1,-1,-1
423,4,89,-1,-1,-1,-1
424,5,89,-1,-1,-1,-1
425,6,89,-1,-1,-1,-1
426,7,89,1,1,1,1
427,1,90,-1,-1,-1,-1
428,3,90,1,1,1,1
429,4,90,-1,-1,-1,-1
430,5,90,-1,-1,-1,-1
431,6,90,-1,-1,-1,-1
432,7,90,-1,-1,-1,-1
433,1,93,-1,-1,-1,-1
434,3,93,1,1,1,1
435,4,93,-1,-1,-1,-1
436,5,93,-1,-1,-1,-1
437,6,93,-1,-1,-1,-1
438,7,93,-1,-1,-1,-1
439,1,94,-1,-1,-1,-1
440,3,94,1,1,1,1
441,4,94,-1,-1,-1,-1
442,5,94,-1,-1,-1,-1
443,6,94,-1,-1,-1,-1
444,7,94,-1,-1,-1,-1
445,1,95,-1,-1,-1,-1
446,3,95,1,1,1,1
447,4,95,-1,-1,-1,-1
448,5,95,-1,-1,-1,-1
449,6,95,-1,-1,-1,-1
450,7,95,-1,-1,-1,-1
451,1,96,-1,-1,-1,-1
452,3,96,1,1,1,1
453,4,96,-1,-1,-1,-1
454,5,96,-1,-1,-1,-1
455,6,96,-1,-1,-1,-1
456,7,96,-1,-1,-1,-1
457,1,97,-1,-1,-1,-1
458,3,97,1,1,1,1
459,4,97,-1,-1,-1,-1
460,5,97,-1,-1,-1,-1
461,6,97,-1,-1,-1,-1
462,7,97,-1,-1,-1,-1
463,1,100,-1,-1,-1,-1
464,3,100,1,1,1,1
465,4,100,-1,-1,-1,-1
466,5,100,-1,-1,-1,-1
467,6,100,-1,-1,-1,-1
468,7,100,-1,-1,-1,-1
469,1,103,-1,-1,-1,-1
470,3,103,-1,-1,-1,-1
471,4,103,-1,-1,-1,-1
472,5,103,-1,-1,-1,-1
473,6,103,-1,-1,-1,-1
474,7,103,-1,-1,-1,-1
475,1,105,-1,-1,-1,-1
476,3,105,-1,-1,-1,-1
477,4,105,-1,-1,-1,-1
478,5,105,-1,-1,-1,-1
479,6,105,1,1,1,1
480,7,105,1,1,1,1
481,1,106,-1,-1,-1,-1
482,3,106,-1,-1,-1,-1
483,4,106,-1,-1,-1,-1
484,5,106,-1,-1,-1,-1
485,6,106,1,1,1,1
486,7,106,1,1,1,1
487,1,107,-1,-1,-1,-1
488,3,107,-1,-1,-1,-1
489,4,107,-1,-1,-1,-1
490,5,107,-1,-1,-1,-1
491,6,107,1,1,1,1
492,7,107,1,1,1,1
493,1,108,-1,-1,-1,-1
494,3,108,-1,-1,-1,-1
495,4,108,-1,-1,-1,-1
496,5,108,-1,-1,-1,-1
497,6,108,1,1,1,1
498,7,108,1,1,1,1
499,1,109,-1,-1,-1,-1
500,3,109,-1,-1,-1,-1
501,4,109,-1,-1,-1,-1
502,5,109,-1,-1,-1,-1
503,6,109,1,1,1,1
504,7,109,-1,-1,-1,-1
505,1,110,-1,-1,-1,-1
506,3,110,1,1,1,1
507,4,110,-1,-1,-1,-1
508,5,110,-1,-1,-1,-1
509,6,110,-1,-1,-1,-1
510,7,110,-1,-1,-1,-1
511,1,111,-1,-1,-1,-1
512,3,111,1,1,1,1
513,4,111,-1,-1,-1,-1
514,5,111,-1,-1,-1,-1
515,6,111,-1,-1,-1,-1
516,7,111,-1,-1,-1,-1
517,1,113,-1,-1,-1,-1
518,3,113,1,1,1,1
519,4,113,-1,-1,-1,-1
520,5,113,-1,-1,-1,-1
521,6,113,-1,-1,-1,-1
522,7,113,-1,-1,-1,-1
523,1,114,-1,-1,-1,-1
524,3,114,1,1,1,1
525,4,114,-1,-1,-1,-1
526,5,114,-1,-1,-1,-1
527,6,114,-1,-1,-1,-1
528,7,114,-1,-1,-1,-1
529,1,117,-1,-1,-1,-1
530,3,117,-1,-1,-1,-1
531,4,117,-1,-1,-1,-1
532,5,117,-1,-1,-1,-1
533,6,117,-1,-1,-1,-1
534,7,117,-1,-1,-1,-1
535,1,119,-1,-1,-1,-1
536,3,119,-1,-1,-1,-1
537,4,119,-1,-1,-1,-1
538,5,119,-1,-1,-1,-1
539,6,119,1,1,1,1
540,7,119,1,1,1,1
541,1,120,-1,-1,-1,-1
542,3,120,-1,-1,-1,-1
543,4,120,-1,-1,-1,-1
544,5,120,-1,-1,-1,-1
545,6,120,1,1,1,1
546,7,120,1,1,1,1
547,1,121,-1,-1,-1,-1
548,3,121,-1,-1,-1,-1
549,4,121,-1,-1,-1,-1
550,5,121,-1,-1,-1,-1
551,6,121,1,1,1,1
552,7,121,1,1,1,1
553,1,122,-1,-1,-1,-1
554,3,122,-1,-1,-1,-1
555,4,122,-1,-1,-1,-1
556,5,122,-1,-1,-1,-1
557,6,122,1,1,1,1
558,7,122,1,1,1,1
559,1,123,-1,-1,-1,-1
560,3,123,-1,-1,-1,-1
561,4,123,-1,-1,-1,-1
562,5,123,-1,-1,-1,-1
563,6,123,1,1,1,1
564,7,123,-1,-1,-1,-1
565,1,124,-1,-1,-1,-1
566,3,124,1,1,1,1
567,4,124,-1,-1,-1,-1
568,5,124,-1,-1,-1,-1
569,6,124,-1,-1,-1,-1
570,7,124,-1,-1,-1,-1
571,1,125,-1,-1,-1,-1
572,3,125,1,1,1,1
573,4,125,-1,-1,-1,-1
574,5,125,-1,-1,-1,-1
575,6,125,-1,-1,-1,-1
576,7,125,-1,-1,-1,-1
577,1,126,-1,-1,-1,-1
578,3,126,1,1,1,1
579,4,126,-1,-1,-1,-1
580,5,126,-1,-1,-1,-1
581,6,126,-1,-1,-1,-1
582,7,126,-1,-1,-1,-1
583,1,129,-1,-1,-1,-1
584,3,129,1,1,1,1
585,4,129,-1,-1,-1,-1
586,5,129,-1,-1,-1,-1
587,6,129,-1,-1,-1,-1
588,7,129,-1,-1,-1,-1
589,1,130,-1,-1,-1,-1
590,3,130,1,1,1,1
591,4,130,-1,-1,-1,-1
592,5,130,-1,-1,-1,-1
593,6,130,-1,-1,-1,-1
594,7,130,-1,-1,-1,-1
595,1,131,-1,-1,-1,-1
596,3,131,1,1,1,1
597,4,131,-1,-1,-1,-1
598,5,131,-1,-1,-1,-1
599,6,131,-1,-1,-1,-1
600,7,131,-1,-1,-1,-1
601,1,134,-1,-1,-1,-1
602,3,134,1,1,1,1
603,4,134,-1,-1,-1,-1
604,5,134,-1,-1,-1,-1
605,6,134,-1,-1,-1,-1
606,7,134,-1,-1,-1,-1
607,1,135,-1,-1,-1,-1
608,3,135,1,1,1,1
609,4,135,-1,-1,-1,-1
610,5,135,-1,-1,-1,-1
611,6,135,-1,-1,-1,-1
612,7,135,-1,-1,-1,-1
613,1,136,-1,-1,-1,-1
614,3,136,1,1,1,1
615,4,136,-1,-1,-1,-1
616,5,136,-1,-1,-1,-1
617,6,136,-1,-1,-1,-1
618,7,136,-1,-1,-1,-1
619,1,139,-1,-1,-1,-1
620,3,139,-1,-1,-1,-1
621,4,139,-1,-1,-1,-1
622,5,139,-1,-1,-1,-1
623,6,139,-1,-1,-1,-1
624,7,139,1,1,1,1
625,1,141,-1,-1,-1,-1
626,3,141,-1,-1,-1,-1
627,4,141,-1,-1,-1,-1
628,5,141,-1,-1,-1,-1
629,6,141,1,1,1,1
630,7,141,1,1,1,1
631,1,142,-1,-1,-1,-1
632,3,142,-1,-1,-1,-1
633,4,142,-1,-1,-1,-1
634,5,142,-1,-1,-1,-1
635,6,142,1,1,1,1
636,7,142,1,1,1,1
637,1,143,-1,-1,-1,-1
638,3,143,-1,-1,-1,-1
639,4,143,-1,-1,-1,-1
640,5,143,-1,-1,-1,-1
641,6,143,1,1,1,1
642,7,143,1,1,1,1
643,1,144,-1,-1,-1,-1
644,3,144,-1,-1,-1,-1
645,4,144,-1,-1,-1,-1
646,5,144,-1,-1,-1,-1
647,6,144,1,1,1,1
648,7,144,1,1,1,1
649,1,145,-1,-1,-1,-1
650,3,145,-1,-1,-1,-1
651,4,145,-1,-1,-1,-1
652,5,145,-1,-1,-1,-1
653,6,145,1,1,1,1
654,7,145,-1,-1,-1,-1
655,1,146,-1,-1,-1,-1
656,3,146,1,1,1,1
657,4,146,-1,-1,-1,-1
658,5,146,-1,-1,-1,-1
659,6,146,-1,-1,-1,-1
660,7,146,-1,-1,-1,-1
661,1,147,-1,-1,-1,-1
662,3,147,1,1,1,1
663,4,147,-1,-1,-1,-1
664,5,147,-1,-1,-1,-1
665,6,147,-1,-1,-1,-1
666,7,147,-1,-1,-1,-1
667,1,148,-1,-1,-1,-1
668,3,148,1,1,1,1
669,4,148,-1,-1,-1,-1
670,5,148,-1,-1,-1,-1
671,6,148,-1,-1,-1,-1
672,7,148,-1,-1,-1,-1
673,1,159,-1,-1,-1,-1
674,3,159,1,1,1,1
675,4,159,-1,-1,-1,-1
676,5,159,-1,-1,-1,-1
677,6,159,-1,-1,-1,-1
678,7,159,-1,-1,-1,-1
679,1,160,-1,-1,-1,-1
680,3,160,-1,-1,-1,-1
681,4,160,1,1,1,1
682,5,160,-1,-1,-1,-1
683,6,160,-1,-1,-1,-1
684,7,160,-1,-1,-1,-1
685,1,161,-1,-1,-1,-1
686,3,161,-1,-1,-1,-1
687,4,161,-1,-1,-1,-1
688,5,161,1,1,1,1
689,6,161,-1,-1,-1,-1
690,7,161,-1,-1,-1,-1
691,1,162,-1,-1,-1,-1
692,3,162,-1,-1,-1,-1
693,4,162,-1,-1,-1,-1
694,5,162,-1,-1,-1,-1
695,6,162,1,1,1,1
696,7,162,-1,-1,-1,-1
697,1,163,-1,-1,-1,-1
698,3,163,-1,-1,-1,-1
699,4,163,-1,-1,-1,-1
700,5,163,-1,-1,-1,-1
701,6,163,-1,-1,-1,-1
702,7,163,1,1,1,1
703,1,164,-1,-1,-1,-1
704,3,164,-1,-1,-1,-1
705,4,164,-1,-1,-1,-1
706,5,164,-1,-1,-1,-1
707,6,164,1,1,1,1
708,7,164,1,1,1,1
709,1,165,-1,-1,-1,-1
710,3,165,-1,-1,-1,-1
711,4,165,-1,-1,-1,-1
712,5,165,-1,-1,-1,-1
713,6,165,1,1,1,1
714,7,165,1,1,1,1
715,1,172,-1,-1,-1,-1
716,3,172,1,1,1,1
717,4,172,1,1,1,1
718,5,172,1,1,1,1
719,6,172,1,1,1,1
720,7,172,1,1,1,1
721,1,170,-1,-1,-1,-1
722,3,170,1,1,1,1
723,4,170,-1,-1,-1,-1
724,5,170,-1,-1,-1,-1
725,6,170,-1,-1,-1,-1
726,7,170,-1,-1,-1,-1
727,1,169,-1,-1,-1,-1
728,3,169,1,1,1,1
729,4,169,-1,-1,-1,-1
730,5,169,-1,-1,-1,-1
731,6,169,-1,-1,-1,-1
732,7,169,-1,-1,-1,-1
733,1,168,-1,-1,-1,-1
734,3,168,1,1,1,1
735,4,168,-1,-1,-1,-1
736,5,168,-1,-1,-1,-1
737,6,168,-1,-1,-1,-1
738,7,168,-1,-1,-1,-1
739,1,221,-1,-1,-1,-1
740,3,221,-1,-1,-1,-1
741,4,221,-1,-1,-1,-1
742,5,221,-1,-1,-1,-1
743,6,221,-1,-1,-1,-1
744,7,221,1,1,1,1
745,1,222,-1,-1,-1,-1
746,3,222,-1,-1,-1,-1
747,4,222,-1,-1,-1,-1
748,5,222,-1,-1,-1,-1
749,6,222,1,1,1,1
750,7,222,1,1,1,1
751,1,223,-1,-1,-1,-1
752,3,223,-1,-1,-1,-1
753,4,223,-1,-1,-1,-1
754,5,223,-1,-1,-1,-1
755,6,223,1,1,1,1
756,7,223,1,1,1,1
757,1,224,-1,-1,-1,-1
758,3,224,-1,-1,-1,-1
759,4,224,-1,-1,-1,-1
760,5,224,-1,-1,-1,-1
761,6,224,1,1,1,1
762,7,224,1,1,1,1
763,1,225,-1,-1,-1,-1
764,3,225,-1,-1,-1,-1
765,4,225,-1,-1,-1,-1
766,5,225,-1,-1,-1,-1
767,6,225,1,1,1,1
768,7,225,1,1,1,1
769,1,226,-1,-1,-1,-1
770,3,226,-1,-1,-1,-1
771,4,226,-1,-1,-1,-1
772,5,226,-1,-1,-1,-1
773,6,226,1,1,1,1
774,7,226,-1,-1,-1,-1
775,1,227,-1,-1,-1,-1
776,3,227,1,1,1,1
777,4,227,-1,-1,-1,-1
778,5,227,-1,-1,-1,-1
779,6,227,-1,-1,-1,-1
780,7,227,-1,-1,-1,-1
781,1,228,-1,-1,-1,-1
782,3,228,1,1,1,1
783,4,228,-1,-1,-1,-1
784,5,228,-1,-1,-1,-1
785,6,228,-1,-1,-1,-1
786,7,228,-1,-1,-1,-1
787,1,229,-1,-1,-1,-1
788,3,229,1,1,1,1
789,4,229,-1,-1,-1,-1
790,5,229,-1,-1,-1,-1
791,6,229,-1,-1,-1,-1
792,7,229,-1,-1,-1,-1
793,1,232,-1,-1,-1,-1
794,3,232,-1,-1,-1,-1
795,4,232,-1,-1,-1,-1
796,5,232,-1,-1,-1,-1
797,6,232,-1,-1,-1,-1
798,7,232,1,1,1,1
799,1,233,-1,-1,-1,-1
800,3,233,-1,-1,-1,-1
801,4,233,-1,-1,-1,-1
802,5,233,-1,-1,-1,-1
803,6,233,1,1,1,1
804,7,233,1,1,1,1
805,1,234,-1,-1,-1,-1
806,3,234,-1,-1,-1,-1
807,4,234,-1,-1,-1,-1
808,5,234,-1,-1,-1,-1
809,6,234,1,1,1,1
810,7,234,1,1,1,1
811,1,235,-1,-1,-1,-1
812,3,235,-1,-1,-1,-1
813,4,235,-1,-1,-1,-1
814,5,235,-1,-1,-1,-1
815,6,235,1,1,1,1
816,7,235,1,1,1,1
817,1,236,-1,-1,-1,-1
818,3,236,-1,-1,-1,-1
819,4,236,-1,-1,-1,-1
820,5,236,-1,-1,-1,-1
821,6,236,1,1,1,1
822,7,236,1,1,1,1
823,1,237,-1,-1,-1,-1
824,3,237,-1,-1,-1,-1
825,4,237,-1,-1,-1,-1
826,5,237,-1,-1,-1,-1
827,6,237,1,1,1,1
828,7,237,-1,-1,-1,-1
829,1,238,-1,-1,-1,-1
830,3,238,1,1,1,1
831,4,238,-1,-1,-1,-1
832,5,238,-1,-1,-1,-1
833,6,238,-1,-1,-1,-1
834,7,238,-1,-1,-1,-1
835,1,239,-1,-1,-1,-1
836,3,239,1,1,1,1
837,4,239,-1,-1,-1,-1
838,5,239,-1,-1,-1,-1
839,6,239,-1,-1,-1,-1
840,7,239,-1,-1,-1,-1
841,1,240,-1,-1,-1,-1
842,3,240,1,1,1,1
843,4,240,-1,-1,-1,-1
844,5,240,-1,-1,-1,-1
845,6,240,-1,-1,-1,-1
846,7,240,-1,-1,-1,-1
847,1,249,1,1,1,1
848,3,249,-1,-1,-1,-1
849,4,249,-1,-1,-1,-1
850,5,249,-1,-1,-1,-1
851,6,249,-1,-1,-1,-1
852,7,249,-1,-1,-1,-1
853,1,250,1,1,1,1
854,3,250,-1,-1,-1,-1
855,4,250,-1,-1,-1,-1
856,5,250,-1,-1,-1,-1
857,6,250,-1,-1,-1,-1
858,7,250,-1,-1,-1,-1
859,1,251,1,1,1,1
860,3,251,-1,-1,-1,-1
861,4,251,-1,-1,-1,-1
862,5,251,-1,-1,-1,-1
863,6,251,-1,-1,-1,-1
864,7,251,-1,-1,-1,-1
865,1,255,-1,-1,-1,-1
866,3,255,-1,-1,-1,-1
867,4,255,1,1,1,1
868,5,255,-1,-1,-1,-1
869,6,255,-1,-1,-1,-1
870,7,255,-1,-1,-1,-1
871,1,256,-1,-1,-1,-1
872,3,256,-1,-1,-1,-1
873,4,256,1,1,1,1
874,5,256,-1,-1,-1,-1
875,6,256,-1,-1,-1,-1
876,7,256,-1,-1,-1,-1
877,1,257,-1,-1,-1,-1
878,3,257,-1,-1,-1,-1
879,4,257,1,1,1,1
880,5,257,-1,-1,-1,-1
881,6,257,-1,-1,-1,-1
882,7,257,-1,-1,-1,-1
883,1,258,-1,-1,-1,-1
884,3,258,1,1,1,1
885,4,258,-1,-1,-1,-1
886,5,258,-1,-1,-1,-1
887,6,258,-1,-1,-1,-1
888,7,258,-1,-1,-1,-1
889,1,259,-1,-1,-1,-1
890,3,259,1,1,1,1
891,4,259,-1,-1,-1,-1
892,5,259,-1,-1,-1,-1
893,6,259,-1,-1,-1,-1
894,7,259,-1,-1,-1,-1
895,1,260,-1,-1,-1,-1
896,3,260,1,1,1,1
897,4,260,-1,-1,-1,-1
898,5,260,-1,-1,-1,-1
899,6,260,-1,-1,-1,-1
900,7,260,-1,-1,-1,-1
901,1,264,-1,-1,-1,-1
902,3,264,-1,-1,-1,-1
903,4,264,-1,-1,-1,-1
904,5,264,-1,-1,-1,-1
905,6,264,1,1,1,1
906,7,264,-1,-1,-1,-1
907,1,265,-1,-1,-1,-1
908,3,265,-1,-1,-1,-1
909,4,265,-1,-1,-1,-1
910,5,265,-1,-1,-1,-1
911,6,265,1,1,1,1
912,7,265,-1,-1,-1,-1
913,1,266,-1,-1,-1,-1
914,3,266,-1,-1,-1,-1
915,4,266,-1,-1,-1,-1
916,5,266,-1,-1,-1,-1
917,6,266,1,1,1,1
918,7,266,-1,-1,-1,-1
919,1,267,-1,-1,-1,-1
920,3,267,-1,-1,-1,-1
921,4,267,-1,-1,-1,-1
922,5,267,-1,-1,-1,-1
923,6,267,1,1,1,1
924,7,267,-1,-1,-1,-1
925,1,268,-1,-1,-1,-1
926,3,268,-1,-1,-1,-1
927,4,268,-1,-1,-1,-1
928,5,268,-1,-1,-1,-1
929,6,268,1,1,1,1
930,7,268,-1,-1,-1,-1
931,1,270,-1,-1,-1,-1
932,3,270,-1,-1,-1,-1
933,4,270,-1,-1,-1,-1
934,5,270,-1,-1,-1,-1
935,6,270,1,1,1,1
936,7,270,-1,-1,-1,-1
937,1,273,-1,-1,-1,-1
938,3,273,1,1,1,1
939,4,273,-1,-1,-1,-1
940,5,273,-1,-1,-1,-1
941,6,273,-1,-1,-1,-1
942,7,273,-1,-1,-1,-1
943,1,274,-1,-1,-1,-1
944,3,274,1,1,1,1
945,4,274,-1,-1,-1,-1
946,5,274,-1,-1,-1,-1
947,6,274,-1,-1,-1,-1
948,7,274,-1,-1,-1,-1
949,1,275,-1,-1,-1,-1
950,3,275,1,1,1,1
951,4,275,-1,-1,-1,-1
952,5,275,-1,-1,-1,-1
953,6,275,-1,-1,-1,-1
954,7,275,-1,-1,-1,-1
955,1,279,1,1,1,1
956,3,279,-1,-1,-1,-1
957,4,279,-1,-1,-1,-1
958,5,279,-1,-1,-1,-1
959,6,279,-1,-1,-1,-1
960,7,279,-1,-1,-1,-1
961,1,280,1,1,1,1
962,3,280,-1,-1,-1,-1
963,4,280,-1,-1,-1,-1
964,5,280,-1,-1,-1,-1
965,6,280,-1,-1,-1,-1
966,7,280,-1,-1,-1,-1
967,1,281,1,1,1,1
968,3,281,-1,-1,-1,-1
969,4,281,-1,-1,-1,-1
970,5,281,-1,-1,-1,-1
971,6,281,-1,-1,-1,-1
972,7,281,-1,-1,-1,-1
973,1,301,-1,-1,-1,-1
974,3,301,1,1,1,1
975,4,301,-1,-1,-1,-1
976,5,301,-1,-1,-1,-1
977,6,301,-1,-1,-1,-1
978,7,301,-1,-1,-1,-1
979,1,302,-1,-1,-1,-1
980,3,302,1,1,1,1
981,4,302,-1,-1,-1,-1
982,5,302,-1,-1,-1,-1
983,6,302,-1,-1,-1,-1
984,7,302,-1,-1,-1,-1
985,1,303,-1,-1,-1,-1
986,3,303,1,1,1,1
987,4,303,-1,-1,-1,-1
988,5,303,-1,-1,-1,-1
989,6,303,-1,-1,-1,-1
990,7,303,-1,-1,-1,-1
991,1,304,-1,-1,-1,-1
992,3,304,1,1,1,1
993,4,304,-1,-1,-1,-1
994,5,304,-1,-1,-1,-1
995,6,304,-1,-1,-1,-1
996,7,304,-1,-1,-1,-1
997,1,305,-1,-1,-1,-1
998,3,305,1,1,1,1
999,4,305,-1,-1,-1,-1
1000,5,305,-1,-1,-1,-1
1001,6,305,-1,-1,-1,-1
1002,7,305,-1,-1,-1,-1
1003,1,306,-1,-1,-1,-1
1004,3,306,1,1,1,1
1005,4,306,-1,-1,-1,-1
1006,5,306,-1,-1,-1,-1
1007,6,306,-1,-1,-1,-1
1008,7,306,-1,-1,-1,-1
1009,1,307,-1,-1,-1,-1
1010,3,307,1,1,1,1
1011,4,307,-1,-1,-1,-1
1012,5,307,-1,-1,-1,-1
1013,6,307,-1,-1,-1,-1
1014,7,307,-1,-1,-1,-1
1015,1,308,-1,-1,-1,-1
1016,3,308,1,1,1,1
1017,4,308,-1,-1,-1,-1
1018,5,308,-1,-1,-1,-1
1019,6,308,-1,-1,-1,-1
1020,7,308,-1,-1,-1,-1
1021,1,316,-1,-1,-1,-1
1022,3,316,-1,-1,-1,-1
1023,4,316,-1,-1,-1,-1
1024,5,316,-1,-1,-1,-1
1025,6,316,1,1,1,1
1026,7,316,1,1,1,1
1027,1,317,-1,-1,-1,-1
1028,3,317,-1,-1,-1,-1
1029,4,317,-1,-1,-1,-1
1030,5,317,-1,-1,-1,-1
1031,6,317,1,1,1,1
1032,7,317,1,1,1,1
1033,1,318,-1,-1,-1,-1
1034,3,318,-1,-1,-1,-1
1035,4,318,-1,-1,-1,-1
1036,5,318,-1,-1,-1,-1
1037,6,318,1,1,1,1
1038,7,318,-1,-1,-1,-1
1039,1,319,-1,-1,-1,-1
1040,3,319,-1,-1,-1,-1
1041,4,319,-1,-1,-1,-1
1042,5,319,-1,-1,-1,-1
1043,6,319,1,1,1,1
1044,7,319,1,1,1,1
1045,1,320,-1,-1,-1,-1
1046,3,320,-1,-1,-1,-1
1047,4,320,-1,-1,-1,-1
1048,5,320,-1,-1,-1,-1
1049,6,320,1,1,1,1
1050,7,320,1,1,1,1
1051,1,321,-1,-1,-1,-1
1052,3,321,1,1,1,1
1053,4,321,-1,-1,-1,-1
1054,5,321,-1,-1,-1,-1
1055,6,321,-1,-1,-1,-1
1056,7,321,-1,-1,-1,-1
1057,1,322,-1,-1,-1,-1
1058,3,322,-1,-1,-1,-1
1059,4,322,-1,-1,-1,-1
1060,5,322,-1,-1,-1,-1
1061,6,322,-1,-1,-1,-1
1062,7,322,1,1,1,1
1063,1,323,1,1,1,1
1064,3,323,1,1,1,1
1065,4,323,-1,-1,-1,-1
1066,5,323,-1,-1,-1,-1
1067,6,323,-1,-1,-1,-1
1068,7,323,-1,-1,-1,-1
1069,1,324,1,1,1,1
1070,3,324,1,1,1,1
1071,4,324,-1,-1,-1,-1
1072,5,324,-1,-1,-1,-1
1073,6,324,-1,-1,-1,-1
1074,7,324,-1,-1,-1,-1
1075,1,327,-1,-1,-1,-1
1076,3,327,-1,-1,-1,-1
1077,4,327,-1,-1,-1,-1
1078,5,327,-1,-1,-1,-1
1079,6,327,-1,-1,-1,-1
1080,7,327,1,1,1,1
1081,1,328,-1,-1,-1,-1
1082,3,328,-1,-1,-1,-1
1083,4,328,-1,-1,-1,-1
1084,5,328,-1,-1,-1,-1
1085,6,328,1,1,1,1
1086,7,328,1,1,1,1
1087,1,329,-1,-1,-1,-1
1088,3,329,-1,-1,-1,-1
1089,4,329,-1,-1,-1,-1
1090,5,329,-1,-1,-1,-1
1091,6,329,1,1,1,1
1092,7,329,1,1,1,1
1093,1,330,-1,-1,-1,-1
1094,3,330,-1,-1,-1,-1
1095,4,330,-1,-1,-1,-1
1096,5,330,-1,-1,-1,-1
1097,6,330,1,1,1,1
1098,7,330,1,1,1,1
1099,1,331,-1,-1,-1,-1
1100,3,331,-1,-1,-1,-1
1101,4,331,-1,-1,-1,-1
1102,5,331,-1,-1,-1,-1
1103,6,331,1,1,1,1
1104,7,331,1,1,1,1
1105,1,332,-1,-1,-1,-1
1106,3,332,-1,-1,-1,-1
1107,4,332,-1,-1,-1,-1
1108,5,332,-1,-1,-1,-1
1109,6,332,1,1,1,1
1110,7,332,-1,-1,-1,-1
1111,1,333,-1,-1,-1,-1
1112,3,333,1,1,1,1
1113,4,333,-1,-1,-1,-1
1114,5,333,-1,-1,-1,-1
1115,6,333,-1,-1,-1,-1
1116,7,333,-1,-1,-1,-1
1117,1,334,-1,-1,-1,-1
1118,3,334,1,1,1,1
1119,4,334,-1,-1,-1,-1
1120,5,334,-1,-1,-1,-1
1121,6,334,-1,-1,-1,-1
1122,7,334,-1,-1,-1,-1
1123,1,335,-1,-1,-1,-1
1124,3,335,1,1,1,1
1125,4,335,-1,-1,-1,-1
1126,5,335,-1,-1,-1,-1
1127,6,335,-1,-1,-1,-1
1128,7,335,-1,-1,-1,-1
1129,3,158,1,1,1,1
1130,4,158,1,1,1,1
1131,5,158,1,1,1,1
1132,6,158,1,1,1,1
1133,7,158,1,1,1,1
1134,1,214,1,1,1,1
1135,3,214,1,1,1,1
1136,4,214,1,1,1,1
1137,5,214,1,1,1,1
1138,6,214,1,1,1,1
1139,7,214,1,1,1,1
1140,53,331,-1,-1,-1,-1
1141,53,320,-1,-1,-1,-1
1142,53,158,1,1,1,1
1143,53,159,1,1,1,1
1144,53,208,1,1,1,1
1145,53,217,1,1,1,1
1146,53,214,1,1,1,1
1147,53,89,-1,-1,-1,-1
1148,1,337,-1,-1,-1,-1
1149,3,337,1,1,1,1
1150,4,337,-1,-1,-1,-1
1151,5,337,-1,-1,-1,-1
1152,6,337,-1,-1,-1,-1
1153,7,337,-1,-1,-1,-1
1154,53,337,-1,-1,-1,-1
1155,53,198,-1,-1,-1,-1
1156,53,199,-1,-1,-1,-1
1157,1,338,-1,-1,-1,-1
1158,3,338,-1,-1,-1,-1
1159,4,338,1,1,1,1
1160,5,338,-1,-1,-1,-1
1161,6,338,-1,-1,-1,-1
1162,7,338,-1,-1,-1,-1
1163,53,338,-1,-1,-1,-1
1164,1,339,-1,-1,-1,-1
1165,3,339,-1,-1,-1,-1
1166,4,339,1,1,1,1
1167,5,339,-1,-1,-1,-1
1168,6,339,-1,-1,-1,-1
1169,7,339,-1,-1,-1,-1
1170,53,339,-1,-1,-1,-1
1171,1,340,-1,-1,-1,-1
1172,3,340,-1,-1,-1,-1
1173,4,340,1,1,1,1
1174,5,340,-1,-1,-1,-1
1175,6,340,-1,-1,-1,-1
1176,7,340,-1,-1,-1,-1
1177,53,340,-1,-1,-1,-1
1178,1,341,-1,-1,-1,-1
1179,3,341,-1,-1,-1,-1
1180,4,341,1,1,1,1
1181,5,341,-1,-1,-1,-1
1182,6,341,-1,-1,-1,-1
1183,7,341,-1,-1,-1,-1
1184,53,341,-1,-1,-1,-1
1185,1,342,-1,-1,-1,-1
1186,3,342,1,1,1,1
1187,4,342,-1,-1,-1,-1
1188,5,342,-1,-1,-1,-1
1189,6,342,-1,-1,-1,-1
1190,7,342,-1,-1,-1,-1
1191,53,342,-1,-1,-1,-1
1192,1,343,-1,-1,-1,-1
1193,3,343,-1,-1,-1,-1
1194,4,343,-1,-1,-1,-1
1195,5,343,-1,-1,-1,-1
1196,6,343,-1,-1,-1,-1
1197,7,343,1,1,1,1
1198,53,343,-1,-1,-1,-1
1199,1,344,-1,-1,-1,-1
1200,3,344,-1,-1,-1,-1
1201,4,344,-1,-1,-1,-1
1202,5,344,-1,-1,-1,-1
1203,6,344,-1,-1,-1,-1
1204,7,344,1,1,1,1
1205,53,344,-1,-1,-1,-1
1206,1,345,-1,-1,-1,-1
1207,3,345,-1,-1,-1,-1
1208,4,345,-1,-1,-1,-1
1209,5,345,-1,-1,-1,-1
1210,6,345,-1,-1,-1,-1
1211,7,345,1,1,1,1
1212,53,345,-1,-1,-1,-1
1213,53,164,-1,-1,-1,-1
1214,53,165,-1,-1,-1,-1
1215,53,21,-1,-1,-1,-1
1216,53,22,-1,-1,-1,-1
1217,53,23,-1,-1,-1,-1
1218,53,24,-1,-1,-1,-1
1219,53,57,-1,-1,-1,-1
1220,53,58,-1,-1,-1,-1
1221,53,59,-1,-1,-1,-1
1222,53,60,-1,-1,-1,-1
1223,53,83,-1,-1,-1,-1
1224,53,84,-1,-1,-1,-1
1225,53,85,-1,-1,-1,-1
1226,53,86,-1,-1,-1,-1
1227,53,105,-1,-1,-1,-1
1228,53,106,-1,-1,-1,-1
1229,53,107,-1,-1,-1,-1
1230,53,108,-1,-1,-1,-1
1231,53,119,-1,-1,-1,-1
1232,53,120,-1,-1,-1,-1
1233,53,121,-1,-1,-1,-1
1234,53,122,-1,-1,-1,-1
1235,53,141,-1,-1,-1,-1
1236,53,142,-1,-1,-1,-1
1237,53,143,-1,-1,-1,-1
1238,53,144,-1,-1,-1,-1
1239,53,222,-1,-1,-1,-1
1240,53,223,-1,-1,-1,-1
1241,53,224,-1,-1,-1,-1
1242,53,225,-1,-1,-1,-1
1243,53,233,-1,-1,-1,-1
1244,53,234,-1,-1,-1,-1
1245,53,235,-1,-1,-1,-1
1246,53,236,-1,-1,-1,-1
1247,53,316,-1,-1,-1,-1
1248,53,317,-1,-1,-1,-1
1249,53,318,-1,-1,-1,-1
1250,53,319,-1,-1,-1,-1
1251,53,328,-1,-1,-1,-1
1252,53,329,-1,-1,-1,-1
1253,53,330,-1,-1,-1,-1
1254,1,346,-1,-1,-1,-1
1255,3,346,-1,-1,-1,-1
1256,4,346,1,1,1,1
1257,5,346,-1,-1,-1,-1
1258,6,346,-1,-1,-1,-1
1259,7,346,-1,-1,-1,-1
1260,53,346,-1,-1,-1,-1
1261,1,347,-1,-1,-1,-1
1262,3,347,-1,-1,-1,-1
1263,4,347,1,1,1,1
1264,5,347,-1,-1,-1,-1
1265,6,347,-1,-1,-1,-1
1266,7,347,-1,-1,-1,-1
1267,53,347,-1,-1,-1,-1
1268,1,348,-1,-1,-1,-1
1269,3,348,-1,-1,-1,-1
1270,4,348,1,1,1,1
1271,5,348,-1,-1,-1,-1
1272,6,348,-1,-1,-1,-1
1273,7,348,-1,-1,-1,-1
1274,53,348,-1,-1,-1,-1
1275,1,349,-1,-1,-1,-1
1276,3,349,-1,-1,-1,-1
1277,4,349,1,1,1,1
1278,5,349,-1,-1,-1,-1
1279,6,349,-1,-1,-1,-1
1280,7,349,-1,-1,-1,-1
1281,53,349,-1,-1,-1,-1
1282,1,350,-1,-1,-1,-1
1283,3,350,-1,-1,-1,-1
1284,4,350,1,1,1,1
1285,5,350,-1,-1,-1,-1
1286,6,350,-1,-1,-1,-1
1287,7,350,-1,-1,-1,-1
1288,53,350,-1,-1,-1,-1
1289,1,351,-1,-1,-1,-1
1290,3,351,-1,-1,-1,-1
1291,4,351,1,1,1,1
1292,5,351,-1,-1,-1,-1
1293,6,351,-1,-1,-1,-1
1294,7,351,-1,-1,-1,-1
1295,53,351,-1,-1,-1,-1
1296,1,352,-1,-1,-1,-1
1297,3,352,-1,-1,-1,-1
1298,4,352,1,1,1,1
1299,5,352,-1,-1,-1,-1
1300,6,352,-1,-1,-1,-1
1301,7,352,-1,-1,-1,-1
1302,53,352,-1,-1,-1,-1
1303,1,353,-1,-1,-1,-1
1304,3,353,-1,-1,-1,-1
1305,4,353,1,1,1,1
1306,5,353,-1,-1,-1,-1
1307,6,353,-1,-1,-1,-1
1308,7,353,-1,-1,-1,-1
1309,53,353,-1,-1,-1,-1
1310,1,354,-1,-1,-1,-1
1311,3,354,-1,-1,-1,-1
1312,4,354,1,1,1,1
1313,5,354,-1,-1,-1,-1
1314,6,354,-1,-1,-1,-1
1315,7,354,-1,-1,-1,-1
1316,53,354,-1,-1,-1,-1
1317,1,355,-1,-1,-1,-1
1318,3,355,-1,-1,-1,-1
1319,4,355,1,1,1,1
1320,5,355,-1,-1,-1,-1
1321,6,355,-1,-1,-1,-1
1322,7,355,-1,-1,-1,-1
1323,53,355,-1,-1,-1,-1
1324,1,356,-1,-1,-1,-1
1325,3,356,-1,-1,-1,-1
1326,4,356,1,1,1,1
1327,5,356,-1,-1,-1,-1
1328,6,356,-1,-1,-1,-1
1329,7,356,-1,-1,-1,-1
1330,53,356,-1,-1,-1,-1
1331,1,357,-1,-1,-1,-1
1332,3,357,-1,-1,-1,-1
1333,4,357,1,1,1,1
1334,5,357,-1,-1,-1,-1
1335,6,357,-1,-1,-1,-1
1336,7,357,-1,-1,-1,-1
1337,53,357,-1,-1,-1,-1
1338,1,358,-1,-1,-1,-1
1339,3,358,-1,-1,-1,-1
1340,4,358,1,1,1,1
1341,5,358,-1,-1,-1,-1
1342,6,358,-1,-1,-1,-1
1343,7,358,-1,-1,-1,-1
1344,53,358,-1,-1,-1,-1
1345,53,172,1,1,1,1
1346,1,359,-1,-1,-1,-1
1347,3,359,1,1,1,1
1348,4,359,-1,-1,-1,-1
1349,5,359,-1,-1,-1,-1
1350,6,359,1,1,1,1
1351,7,359,-1,-1,-1,-1
1352,53,359,-1,-1,-1,-1
1353,1,360,-1,-1,-1,-1
1354,3,360,-1,-1,-1,-1
1355,4,360,1,1,1,1
1356,5,360,-1,-1,-1,-1
1357,6,360,-1,-1,-1,-1
1358,7,360,-1,-1,-1,-1
1359,53,360,-1,-1,-1,-1
1360,1,361,-1,-1,-1,-1
1361,3,361,-1,-1,-1,-1
1362,4,361,1,1,1,1
1363,5,361,-1,-1,-1,-1
1364,6,361,-1,-1,-1,-1
1365,7,361,-1,-1,-1,-1
1366,53,361,-1,-1,-1,-1
1367,1,362,-1,-1,-1,-1
1368,3,362,-1,-1,-1,-1
1369,4,362,1,1,1,1
1370,5,362,-1,-1,-1,-1
1371,6,362,-1,-1,-1,-1
1372,7,362,-1,-1,-1,-1
1373,53,362,-1,-1,-1,-1
1374,1,363,-1,-1,-1,-1
1375,3,363,-1,-1,-1,-1
1376,4,363,1,1,1,1
1377,5,363,-1,-1,-1,-1
1378,6,363,-1,-1,-1,-1
1379,7,363,-1,-1,-1,-1
1380,53,363,-1,-1,-1,-1
1381,1,383,-1,-1,-1,-1
1382,3,383,-1,-1,-1,-1
1383,4,383,1,1,1,1
1384,5,383,-1,-1,-1,-1
1385,6,383,-1,-1,-1,-1
1386,7,383,-1,-1,-1,-1
1387,53,383,-1,-1,-1,-1
1388,1,384,-1,-1,-1,-1
1389,3,384,-1,-1,-1,-1
1390,4,384,1,1,1,1
1391,5,384,-1,-1,-1,-1
1392,6,384,-1,-1,-1,-1
1393,7,384,-1,-1,-1,-1
1394,53,384,-1,-1,-1,-1
1395,1,385,-1,-1,-1,-1
1396,3,385,-1,-1,-1,-1
1397,4,385,1,1,1,1
1398,5,385,-1,-1,-1,-1
1399,6,385,-1,-1,-1,-1
1400,7,385,-1,-1,-1,-1
1401,53,385,-1,-1,-1,-1
1402,1,386,-1,-1,-1,-1
1403,3,386,-1,-1,-1,-1
1404,4,386,1,1,1,1
1405,5,386,-1,-1,-1,-1
1406,6,386,-1,-1,-1,-1
1407,7,386,-1,-1,-1,-1
1408,53,386,-1,-1,-1,-1
1409,1,365,-1,-1,-1,-1
1410,3,365,1,1,1,1
1411,4,365,-1,-1,-1,-1
1412,5,365,-1,-1,-1,-1
1413,6,365,-1,-1,-1,-1
1414,7,365,-1,-1,-1,-1
1415,53,365,-1,-1,-1,-1
1416,1,366,-1,-1,-1,-1
1417,3,366,1,1,1,1
1418,4,366,-1,-1,-1,-1
1419,5,366,-1,-1,-1,-1
1420,6,366,-1,-1,-1,-1
1421,7,366,-1,-1,-1,-1
1422,53,366,-1,-1,-1,-1
1423,1,367,-1,-1,-1,-1
1424,3,367,1,1,1,1
1425,4,367,-1,-1,-1,-1
1426,5,367,-1,-1,-1,-1
1427,6,367,-1,-1,-1,-1
1428,7,367,-1,-1,-1,-1
1429,53,367,-1,-1,-1,-1
1430,1,370,-1,-1,-1,-1
1431,3,370,-1,-1,-1,-1
1432,4,370,-1,-1,-1,-1
1433,5,370,-1,-1,-1,-1
1434,6,370,-1,-1,-1,-1
1435,7,370,1,1,1,1
1436,53,370,-1,-1,-1,-1
1437,1,372,-1,-1,-1,-1
1438,3,372,-1,-1,-1,-1
1439,4,372,-1,-1,-1,-1
1440,5,372,-1,-1,-1,-1
1441,6,372,1,1,1,1
1442,7,372,1,1,1,1
1443,53,372,-1,-1,-1,-1
1444,1,374,-1,-1,-1,-1
1445,3,374,-1,-1,-1,-1
1446,4,374,-1,-1,-1,-1
1447,5,374,-1,-1,-1,-1
1448,6,374,1,1,1,1
1449,7,374,1,1,1,1
1450,53,374,-1,-1,-1,-1
1451,1,375,-1,-1,-1,-1
1452,3,375,-1,-1,-1,-1
1453,4,375,-1,-1,-1,-1
1454,5,375,-1,-1,-1,-1
1455,6,375,1,1,1,1
1456,7,375,1,1,1,1
1457,53,375,-1,-1,-1,-1
1458,1,376,-1,-1,-1,-1
1459,3,376,-1,-1,-1,-1
1460,4,376,1,1,1,1
1461,5,376,-1,-1,-1,-1
1462,6,376,-1,-1,-1,-1
1463,7,376,-1,-1,-1,-1
1464,53,376,-1,-1,-1,-1
1465,1,377,-1,-1,-1,-1
1466,3,377,-1,-1,-1,-1
1467,4,377,1,1,1,1
1468,5,377,-1,-1,-1,-1
1469,6,377,-1,-1,-1,-1
1470,7,377,-1,-1,-1,-1
1471,53,377,-1,-1,-1,-1
1472,1,378,-1,-1,-1,-1
1473,3,378,-1,-1,-1,-1
1474,4,378,-1,-1,-1,-1
1475,5,378,-1,-1,-1,-1
1476,6,378,1,1,1,1
1477,7,378,-1,-1,-1,-1
1478,53,378,-1,-1,-1,-1
1479,1,373,-1,-1,-1,-1
1480,3,373,-1,-1,-1,-1
1481,4,373,-1,-1,-1,-1
1482,5,373,-1,-1,-1,-1
1483,6,373,1,1,1,1
1484,7,373,1,1,1,1
1485,53,373,-1,-1,-1,-1
1486,1,379,-1,-1,-1,-1
1487,3,379,1,1,1,1
1488,4,379,-1,-1,-1,-1
1489,5,379,-1,-1,-1,-1
1490,6,379,-1,-1,-1,-1
1491,7,379,-1,-1,-1,-1
1492,53,379,1,1,1,1
1493,53,103,-1,-1,-1,-1
1494,53,117,-1,-1,-1,-1
1495,53,322,-1,-1,-1,-1
1496,1,387,-1,-1,-1,-1
1497,3,387,1,1,1,1
1498,4,387,-1,-1,-1,-1
1499,5,387,-1,-1,-1,-1
1500,6,387,-1,-1,-1,-1
1501,7,387,-1,-1,-1,-1
1502,53,387,1,1,1,1
1503,1,388,-1,-1,-1,-1
1504,3,388,1,1,1,1
1505,4,388,-1,-1,-1,-1
1506,5,388,-1,-1,-1,-1
1507,6,388,-1,-1,-1,-1
1508,7,388,-1,-1,-1,-1
1509,53,388,1,1,1,1
1510,1,389,-1,-1,-1,-1
1511,3,389,1,1,1,1
1512,4,389,-1,-1,-1,-1
1513,5,389,-1,-1,-1,-1
1514,6,389,-1,-1,-1,-1
1515,7,389,-1,-1,-1,-1
1516,53,389,1,1,1,1
1517,1,390,-1,-1,-1,-1
1518,3,390,-1,-1,-1,-1
1519,4,390,-1,-1,-1,-1
1520,5,390,-1,-1,-1,-1
1521,6,390,1,1,1,1
1522,7,390,-1,-1,-1,-1
1523,53,390,-1,-1,-1,-1
1524,1,391,-1,-1,-1,-1
1525,3,391,-1,-1,-1,-1
1526,4,391,-1,-1,-1,-1
1527,5,391,-1,-1,-1,-1
1528,6,391,1,1,1,1
1529,7,391,-1,-1,-1,-1
1530,53,391,-1,-1,-1,-1
1531,1,392,-1,-1,-1,-1
1532,3,392,-1,-1,-1,-1
1533,4,392,-1,-1,-1,-1
1534,5,392,-1,-1,-1,-1
1535,6,392,1,1,1,1
1536,7,392,-1,-1,-1,-1
1537,53,392,-1,-1,-1,-1
1538,53,88,1,1,1,1
1539,53,90,1,1,1,1
1540,53,146,1,1,1,1
1541,53,147,1,1,1,1
1542,53,148,1,1,1,1
1543,53,321,1,1,1,1
1544,53,323,1,1,1,1
1545,53,324,1,1,1,1
1546,53,333,1,1,1,1
1547,53,334,1,1,1,1
1548,53,335,1,1,1,1
1549,1,215,1,1,1,1
1550,3,215,-1,-1,-1,-1
1551,4,215,-1,-1,-1,-1
1552,5,215,-1,-1,-1,-1
1553,6,215,-1,-1,-1,-1
1554,7,215,-1,-1,-1,-1
1555,53,215,-1,-1,-1,-1
1556,1,393,-1,-1,-1,-1
1557,3,393,1,1,1,1
1558,4,393,-1,-1,-1,-1
1559,5,393,-1,-1,-1,-1
1560,6,393,-1,-1,-1,-1
1561,7,393,-1,-1,-1,-1
1562,53,393,-1,-1,-1,-1
1563,1,395,-1,-1,-1,-1
1564,3,395,1,1,1,1
1565,4,395,-1,-1,-1,-1
1566,5,395,-1,-1,-1,-1
1567,6,395,-1,-1,-1,-1
1568,7,395,-1,-1,-1,-1
1569,53,395,-1,-1,-1,-1
1570,1,396,-1,-1,-1,-1
1571,3,396,1,1,1,1
1572,4,396,-1,-1,-1,-1
1573,5,396,-1,-1,-1,-1
1574,6,396,-1,-1,-1,-1
1575,7,396,-1,-1,-1,-1
1576,53,396,-1,-1,-1,-1
1577,1,394,-1,-1,-1,-1
1578,3,394,1,1,1,1
1579,4,394,-1,-1,-1,-1
1580,5,394,-1,-1,-1,-1
1581,6,394,-1,-1,-1,-1
1582,7,394,-1,-1,-1,-1
1583,53,394,1,1,1,1
1584,1,397,-1,-1,-1,-1
1585,3,397,-1,-1,-1,-1
1586,4,397,-1,-1,-1,-1
1587,5,397,-1,-1,-1,-1
1588,6,397,-1,-1,-1,-1
1589,7,397,1,1,1,1
1590,53,397,-1,-1,-1,-1
1591,1,398,-1,-1,-1,-1
1592,3,398,-1,-1,-1,-1
1593,4,398,-1,-1,-1,-1
1594,5,398,-1,-1,-1,-1
1595,6,398,-1,-1,-1,-1
1596,7,398,1,1,1,1
1597,53,398,-1,-1,-1,-1
1598,1,399,-1,-1,-1,-1
1599,3,399,-1,-1,-1,-1
1600,4,399,-1,-1,-1,-1
1601,5,399,-1,-1,-1,-1
1602,6,399,-1,-1,-1,-1
1603,7,399,1,1,1,1
1604,53,399,-1,-1,-1,-1
1605,1,400,-1,-1,-1,-1
1606,3,400,-1,-1,-1,-1
1607,4,400,-1,-1,-1,-1
1608,5,400,-1,-1,-1,-1
1609,6,400,-1,-1,-1,-1
1610,7,400,1,1,1,1
1611,53,400,-1,-1,-1,-1
1612,1,401,1,1,1,1
1613,3,401,1,1,1,1
1614,4,401,-1,-1,-1,-1
1615,5,401,-1,-1,-1,-1
1616,6,401,-1,-1,-1,-1
1617,7,401,-1,-1,-1,-1
1618,53,401,-1,-1,-1,-1
1619,85,158,-1,-1,-1,-1
1620,85,217,-1,-1,-1,-1
1621,1,402,-1,-1,-1,-1
1622,3,402,-1,-1,-1,-1
1623,4,402,1,1,1,1
1624,5,402,1,1,1,1
1625,6,402,-1,-1,-1,-1
1626,7,402,-1,-1,-1,-1
1627,53,402,-1,-1,-1,-1
1628,1,403,-1,-1,-1,-1
1629,3,403,-1,-1,-1,-1
1630,4,403,1,1,1,1
1631,5,403,1,1,1,1
1632,6,403,-1,-1,-1,-1
1633,7,403,-1,-1,-1,-1
1634,53,403,-1,-1,-1,-1
1635,1,404,-1,-1,-1,-1
1636,3,404,-1,-1,-1,-1
1637,4,404,-1,-1,-1,-1
1638,5,404,1,1,1,1
1639,6,404,1,1,1,1
1640,7,404,-1,-1,-1,-1
1641,53,404,-1,-1,-1,-1
1642,3,194,1,1,1,1
1643,4,194,-1,-1,-1,-1
1644,5,194,-1,-1,-1,-1
1645,6,194,-1,-1,-1,-1
1646,7,194,-1,-1,-1,-1
1647,53,194,-1,-1,-1,-1
1648,1,406,-1,-1,-1,-1
1649,3,406,1,1,1,1
1650,4,406,-1,-1,-1,-1
1651,5,406,-1,-1,-1,-1
1652,6,406,-1,-1,-1,-1
1653,7,406,-1,-1,-1,-1
1654,53,406,1,1,1,1
1655,53,110,1,1,1,1
1656,53,111,1,1,1,1
1657,53,124,1,1,1,1
1658,1,407,-1,-1,-1,-1
1659,3,407,1,1,1,1
1660,4,407,-1,-1,-1,-1
1661,5,407,-1,-1,-1,-1
1662,6,407,-1,-1,-1,-1
1663,7,407,-1,-1,-1,-1
1664,53,407,1,1,1,1
1665,1,408,-1,-1,-1,-1
1666,3,408,1,1,1,1
1667,4,408,-1,-1,-1,-1
1668,5,408,-1,-1,-1,-1
1669,6,408,-1,-1,-1,-1
1670,7,408,-1,-1,-1,-1
1671,53,408,-1,-1,-1,-1
1672,1,411,-1,-1,-1,-1
1673,3,411,-1,-1,-1,-1
1674,4,411,-1,-1,-1,-1
1675,5,411,-1,-1,-1,-1
1676,6,411,-1,-1,-1,-1
1677,7,411,1,1,1,1
1678,53,411,-1,-1,-1,-1
1693,1,417,-1,-1,-1,-1
1694,3,417,-1,-1,-1,-1
1695,4,417,-1,-1,-1,-1
1696,5,417,-1,-1,-1,-1
1697,6,417,1,1,1,1
1698,7,417,1,1,1,1
1699,53,417,-1,-1,-1,-1
1700,1,419,-1,-1,-1,-1
1701,3,419,-1,-1,-1,-1
1702,4,419,-1,-1,-1,-1
1703,5,419,-1,-1,-1,-1
1704,6,419,1,1,1,1
1705,7,419,1,1,1,1
1706,53,419,-1,-1,-1,-1
1707,1,418,-1,-1,-1,-1
1708,3,418,-1,-1,-1,-1
1709,4,418,-1,-1,-1,-1
1710,5,418,-1,-1,-1,-1
1711,6,418,1,1,1,1
1712,7,418,-1,-1,-1,-1
1713,53,418,-1,-1,-1,-1
1714,1,421,-1,-1,-1,-1
1715,3,421,-1,-1,-1,-1
1716,4,421,-1,-1,-1,-1
1717,5,421,-1,-1,-1,-1
1718,6,421,1,1,1,1
1719,7,421,-1,-1,-1,-1
1720,53,421,-1,-1,-1,-1
1721,1,422,-1,-1,-1,-1
1722,3,422,-1,-1,-1,-1
1723,4,422,-1,-1,-1,-1
1724,5,422,-1,-1,-1,-1
1725,6,422,1,1,1,1
1726,7,422,-1,-1,-1,-1
1727,53,422,-1,-1,-1,-1
1728,1,440,-1,-1,-1,-1
1729,3,440,1,1,1,1
1730,4,440,-1,-1,-1,-1
1731,5,440,-1,-1,-1,-1
1732,6,440,-1,-1,-1,-1
1733,7,440,-1,-1,-1,-1
1734,53,440,-1,-1,-1,-1
1735,1,441,-1,-1,-1,-1
1736,3,441,1,1,1,1
1737,4,441,-1,-1,-1,-1
1738,5,441,-1,-1,-1,-1
1739,6,441,-1,-1,-1,-1
1740,7,441,-1,-1,-1,-1
1741,53,441,-1,-1,-1,-1
1742,1,442,-1,-1,-1,-1
1743,3,442,1,1,1,1
1744,4,442,-1,-1,-1,-1
1745,5,442,-1,-1,-1,-1
1746,6,442,-1,-1,-1,-1
1747,7,442,-1,-1,-1,-1
1748,53,442,-1,-1,-1,-1
1749,1,445,-1,-1,-1,-1
1750,3,445,1,1,1,1
1751,4,445,-1,-1,-1,-1
1752,5,445,-1,-1,-1,-1
1753,6,445,-1,-1,-1,-1
1754,7,445,-1,-1,-1,-1
1755,53,445,-1,-1,-1,-1
1756,1,446,-1,-1,-1,-1
1757,3,446,1,1,1,1
1758,4,446,-1,-1,-1,-1
1759,5,446,-1,-1,-1,-1
1760,6,446,-1,-1,-1,-1
1761,7,446,-1,-1,-1,-1
1762,53,446,-1,-1,-1,-1
1763,1,447,-1,-1,-1,-1
1764,3,447,1,1,1,1
1765,4,447,-1,-1,-1,-1
1766,5,447,-1,-1,-1,-1
1767,6,447,-1,-1,-1,-1
1768,7,447,-1,-1,-1,-1
1769,53,447,-1,-1,-1,-1
1770,1,426,-1,-1,-1,-1
1771,3,426,-1,-1,-1,-1
1772,4,426,-1,-1,-1,-1
1773,5,426,-1,-1,-1,-1
1774,6,426,-1,-1,-1,-1
1775,7,426,1,1,1,1
1776,53,426,-1,-1,-1,-1
1791,1,432,-1,-1,-1,-1
1792,3,432,-1,-1,-1,-1
1793,4,432,-1,-1,-1,-1
1794,5,432,-1,-1,-1,-1
1795,6,432,1,1,1,1
1796,7,432,1,1,1,1
1797,53,432,-1,-1,-1,-1
1798,1,434,-1,-1,-1,-1
1799,3,434,-1,-1,-1,-1
1800,4,434,-1,-1,-1,-1
1801,5,434,-1,-1,-1,-1
1802,6,434,1,1,1,1
1803,7,434,1,1,1,1
1804,53,434,-1,-1,-1,-1
1805,1,433,-1,-1,-1,-1
1806,3,433,-1,-1,-1,-1
1807,4,433,-1,-1,-1,-1
1808,5,433,-1,-1,-1,-1
1809,6,433,1,1,1,1
1810,7,433,-1,-1,-1,-1
1811,53,433,-1,-1,-1,-1
1812,1,436,-1,-1,-1,-1
1813,3,436,-1,-1,-1,-1
1814,4,436,-1,-1,-1,-1
1815,5,436,-1,-1,-1,-1
1816,6,436,1,1,1,1
1817,7,436,-1,-1,-1,-1
1818,53,436,-1,-1,-1,-1
1819,1,437,-1,-1,-1,-1
1820,3,437,-1,-1,-1,-1
1821,4,437,-1,-1,-1,-1
1822,5,437,-1,-1,-1,-1
1823,6,437,1,1,1,1
1824,7,437,-1,-1,-1,-1
1825,53,437,-1,-1,-1,-1
1826,1,451,-1,-1,-1,-1
1827,3,451,-1,-1,-1,-1
1828,4,451,-1,-1,-1,-1
1829,5,451,-1,-1,-1,-1
1830,6,451,-1,-1,-1,-1
1831,7,451,1,1,1,1
1832,53,451,-1,-1,-1,-1
1847,1,457,-1,-1,-1,-1
1848,3,457,-1,-1,-1,-1
1849,4,457,-1,-1,-1,-1
1850,5,457,-1,-1,-1,-1
1851,6,457,1,1,1,1
1852,7,457,1,1,1,1
1853,53,457,-1,-1,-1,-1
1854,1,458,-1,-1,-1,-1
1855,3,458,-1,-1,-1,-1
1856,4,458,-1,-1,-1,-1
1857,5,458,-1,-1,-1,-1
1858,6,458,1,1,1,1
1859,7,458,-1,-1,-1,-1
1860,53,458,-1,-1,-1,-1
1861,1,459,-1,-1,-1,-1
1862,3,459,-1,-1,-1,-1
1863,4,459,-1,-1,-1,-1
1864,5,459,-1,-1,-1,-1
1865,6,459,1,1,1,1
1866,7,459,1,1,1,1
1867,53,459,-1,-1,-1,-1
1868,1,461,-1,-1,-1,-1
1869,3,461,-1,-1,-1,-1
1870,4,461,-1,-1,-1,-1
1871,5,461,-1,-1,-1,-1
1872,6,461,1,1,1,1
1873,7,461,-1,-1,-1,-1
1874,53,461,-1,-1,-1,-1
1875,1,462,-1,-1,-1,-1
1876,3,462,-1,-1,-1,-1
1877,4,462,-1,-1,-1,-1
1878,5,462,-1,-1,-1,-1
1879,6,462,1,1,1,1
1880,7,462,-1,-1,-1,-1
1881,53,462,-1,-1,-1,-1
1882,1,465,-1,-1,-1,-1
1883,3,465,1,1,1,1
1884,4,465,-1,-1,-1,-1
1885,5,465,-1,-1,-1,-1
1886,6,465,-1,-1,-1,-1
1887,7,465,-1,-1,-1,-1
1888,53,465,-1,-1,-1,-1
1889,1,466,-1,-1,-1,-1
1890,3,466,1,1,1,1
1891,4,466,-1,-1,-1,-1
1892,5,466,-1,-1,-1,-1
1893,6,466,-1,-1,-1,-1
1894,7,466,-1,-1,-1,-1
1895,53,466,-1,-1,-1,-1
1896,1,467,-1,-1,-1,-1
1897,3,467,1,1,1,1
1898,4,467,-1,-1,-1,-1
1899,5,467,-1,-1,-1,-1
1900,6,467,-1,-1,-1,-1
1901,7,467,-1,-1,-1,-1
1902,53,467,-1,-1,-1,-1
1903,1,470,-1,-1,-1,-1
1904,3,470,1,1,1,1
1905,4,470,-1,-1,-1,-1
1906,5,470,-1,-1,-1,-1
1907,6,470,-1,-1,-1,-1
1908,7,470,-1,-1,-1,-1
1909,53,470,-1,-1,-1,-1
1910,1,471,-1,-1,-1,-1
1911,3,471,1,1,1,1
1912,4,471,-1,-1,-1,-1
1913,5,471,-1,-1,-1,-1
1914,6,471,-1,-1,-1,-1
1915,7,471,-1,-1,-1,-1
1916,53,471,-1,-1,-1,-1
1917,1,472,-1,-1,-1,-1
1918,3,472,1,1,1,1
1919,4,472,-1,-1,-1,-1
1920,5,472,-1,-1,-1,-1
1921,6,472,-1,-1,-1,-1
1922,7,472,-1,-1,-1,-1
1923,53,472,-1,-1,-1,-1
1924,1,475,-1,-1,-1,-1
1925,3,475,1,1,1,1
1926,4,475,-1,-1,-1,-1
1927,5,475,-1,-1,-1,-1
1928,6,475,-1,-1,-1,-1
1929,7,475,-1,-1,-1,-1
1930,53,475,-1,-1,-1,-1
1931,1,479,-1,-1,-1,-1
1932,3,479,-1,-1,-1,-1
1933,4,479,-1,-1,-1,-1
1934,5,479,-1,-1,-1,-1
1935,6,479,-1,-1,-1,-1
1936,7,479,1,1,1,1
1937,53,479,-1,-1,-1,-1
1952,1,485,-1,-1,-1,-1
1953,3,485,-1,-1,-1,-1
1954,4,485,-1,-1,-1,-1
1955,5,485,-1,-1,-1,-1
1956,6,485,1,1,1,1
1957,7,485,1,1,1,1
1958,53,485,-1,-1,-1,-1
1959,1,486,-1,-1,-1,-1
1960,3,486,-1,-1,-1,-1
1961,4,486,-1,-1,-1,-1
1962,5,486,-1,-1,-1,-1
1963,6,486,1,1,1,1
1964,7,486,-1,-1,-1,-1
1965,53,486,-1,-1,-1,-1
1966,1,487,-1,-1,-1,-1
1967,3,487,-1,-1,-1,-1
1968,4,487,-1,-1,-1,-1
1969,5,487,-1,-1,-1,-1
1970,6,487,1,1,1,1
1971,7,487,1,1,1,1
1972,53,487,-1,-1,-1,-1
1973,1,489,-1,-1,-1,-1
1974,3,489,-1,-1,-1,-1
1975,4,489,-1,-1,-1,-1
1976,5,489,-1,-1,-1,-1
1977,6,489,1,1,1,1
1978,7,489,-1,-1,-1,-1
1979,53,489,-1,-1,-1,-1
1980,1,490,-1,-1,-1,-1
1981,3,490,-1,-1,-1,-1
1982,4,490,-1,-1,-1,-1
1983,5,490,-1,-1,-1,-1
1984,6,490,1,1,1,1
1985,7,490,-1,-1,-1,-1
1986,53,490,-1,-1,-1,-1
1987,1,438,-1,-1,-1,-1
1988,3,438,-1,-1,-1,-1
1989,4,438,-1,-1,-1,-1
1990,5,438,-1,-1,-1,-1
1991,6,438,-1,-1,-1,-1
1992,7,438,1,1,1,1
1993,53,438,-1,-1,-1,-1
1994,1,492,-1,-1,-1,-1
1995,3,492,-1,-1,-1,-1
1996,4,492,-1,-1,-1,-1
1997,5,492,-1,-1,-1,-1
1998,6,492,-1,-1,-1,-1
1999,7,492,1,1,1,1
2000,53,492,-1,-1,-1,-1
2001,1,493,-1,-1,-1,-1
2002,3,493,-1,-1,-1,-1
2003,4,493,-1,-1,-1,-1
2004,5,493,-1,-1,-1,-1
2005,6,493,-1,-1,-1,-1
2006,7,493,1,1,1,1
2007,53,493,-1,-1,-1,-1
2008,1,494,-1,-1,-1,-1
2009,3,494,-1,-1,-1,-1
2010,4,494,-1,-1,-1,-1
2011,5,494,-1,-1,-1,-1
2012,6,494,-1,-1,-1,-1
2013,7,494,1,1,1,1
2014,53,494,-1,-1,-1,-1
2015,1,495,-1,-1,-1,-1
2016,3,495,-1,-1,-1,-1
2017,4,495,-1,-1,-1,-1
2018,5,495,-1,-1,-1,-1
2019,6,495,-1,-1,-1,-1
2020,7,495,1,1,1,1
2021,53,495,-1,-1,-1,-1
2022,1,498,-1,-1,-1,-1
2023,3,498,-1,-1,-1,-1
2024,4,498,-1,-1,-1,-1
2025,5,498,-1,-1,-1,-1
2026,6,498,-1,-1,-1,-1
2027,7,498,1,1,1,1
2028,53,498,-1,-1,-1,-1
2029,1,499,-1,-1,-1,-1
2030,3,499,-1,-1,-1,-1
2031,4,499,-1,-1,-1,-1
2032,5,499,-1,-1,-1,-1
2033,6,499,-1,-1,-1,-1
2034,7,499,1,1,1,1
2035,53,499,-1,-1,-1,-1
2036,1,496,-1,-1,-1,-1
2037,3,496,-1,-1,-1,-1
2038,4,496,-1,-1,-1,-1
2039,5,496,-1,-1,-1,-1
2040,6,496,-1,-1,-1,-1
2041,7,496,1,1,1,1
2042,53,496,-1,-1,-1,-1
2043,1,497,-1,-1,-1,-1
2044,3,497,-1,-1,-1,-1
2045,4,497,-1,-1,-1,-1
2046,5,497,-1,-1,-1,-1
2047,6,497,-1,-1,-1,-1
2048,7,497,1,1,1,1
2049,53,497,-1,-1,-1,-1
2050,1,502,-1,-1,-1,-1
2051,3,502,1,1,1,1
2052,4,502,-1,-1,-1,-1
2053,5,502,-1,-1,-1,-1
2054,6,502,-1,-1,-1,-1
2055,7,502,-1,-1,-1,-1
2056,53,502,-1,-1,-1,-1
